0 1537 176 49 44 1820 187 40 119 1486 284 72 124 1538 196 54 51 917 271 57 61 1503 213 81 95 1369 398 70 218 471 435 75 194 
1 917 271 57 61 1534 196 59 54 1816 189 45 116 1367 401 65 211 471 434 75 199 
2 917 270 57 61 1532 195 62 58 1812 190 49 115 469 434 75 190 1368 399 63 213 
3 917 270 57 62 1814 223 39 80 1532 194 63 60 466 433 77 192 1368 400 63 212 
4 1456 318 77 120 917 270 57 61 1804 192 53 114 1532 178 65 99 468 428 72 208 1367 401 63 210 
5 1452 314 77 125 917 271 57 61 1803 190 51 116 1532 177 66 105 1367 401 63 210 465 429 69 212 
6 917 271 57 61 1802 191 49 116 1447 312 80 127 1532 177 67 106 465 427 69 216 1366 400 64 211 
7 917 271 56 61 1802 189 46 118 1444 310 79 128 1533 177 70 110 459 442 74 200 1364 403 65 206 
8 917 271 56 61 1808 184 32 93 1445 312 73 127 1532 177 72 109 458 439 74 206 1362 407 69 198 
9 917 271 56 61 1801 185 36 124 1445 312 70 130 1534 177 73 110 458 440 71 204 1361 407 71 203 
10 917 271 56 61 1430 311 80 136 1800 184 36 126 1534 176 75 108 456 437 71 209 1360 410 72 198 
11 917 271 56 61 1799 185 35 123 1426 312 76 133 1534 176 77 107 455 429 70 212 1358 411 75 198 
12 917 271 56 61 1798 184 34 126 1423 313 74 129 1534 176 78 106 452 437 67 209 1358 412 75 197 
13 1797 184 35 126 917 271 56 61 1535 176 77 106 1420 313 73 129 451 439 66 205 1357 415 75 195 
14 1557 207 69 104 1535 177 73 99 917 271 56 61 1416 312 73 125 453 440 59 204 1355 417 75 193 
15 1532 177 72 96 1558 185 75 99 917 271 56 61 1413 314 72 126 452 440 59 205 1355 419 75 192 
16 1539 190 49 68 1563 186 73 99 1530 176 69 99 917 270 57 61 1409 319 71 120 443 438 66 210 1356 420 75 191 
17 1574 201 57 58 1540 189 49 70 1565 186 73 100 917 271 57 61 1530 175 68 101 1395 319 80 124 441 442 67 205 1355 420 77 192 
18 1540 193 50 67 917 271 57 60 1568 190 75 92 1528 176 70 99 1394 319 78 124 441 444 66 203 1355 418 76 195 
19 917 271 57 61 1572 190 75 94 1530 175 69 102 1390 319 77 124 441 444 65 206 1355 418 76 199 
20 917 271 57 61 1580 208 73 93 1531 174 67 103 1385 320 79 121 1356 420 75 197 437 445 69 202 
21 916 270 57 61 1581 208 72 92 1530 174 65 105 1382 321 80 120 1357 421 74 197 434 448 70 199 
22 1596 202 61 99 917 270 58 61 1530 173 66 105 1378 323 78 118 1357 418 74 203 431 451 73 198 
23 917 270 57 61 1596 203 62 97 1530 174 66 104 1376 325 76 119 1357 419 74 200 429 451 71 197 
24 1598 203 61 97 916 270 58 61 1530 173 65 104 1374 328 76 117 1357 418 73 202 427 451 70 198 
25 1544 191 47 71 916 270 58 61 1599 187 65 102 1372 328 74 115 1530 173 65 105 1357 418 73 203 424 453 69 197 
26 1545 192 47 70 916 270 58 61 1353 330 87 112 1603 187 64 103 1530 173 64 105 1355 423 72 202 422 452 71 198 
27 916 270 58 61 1544 193 48 68 1608 186 63 103 1348 341 89 120 1530 172 63 105 1353 425 72 198 420 453 72 196 
28 916 270 58 61 1544 193 48 67 1612 186 65 100 1529 171 63 106 1344 341 87 119 1348 427 75 195 420 449 70 198 
29 1544 194 49 66 916 270 58 62 1529 171 63 106 1616 187 64 98 1341 341 83 123 1347 426 74 200 417 450 71 197 
30 1543 194 51 65 916 271 57 61 1529 171 64 105 1619 189 64 95 1337 342 82 120 1343 428 77 202 415 449 69 203 
31 916 271 57 61 1530 171 63 105 1346 429 72 202 1332 341 85 126 1620 190 66 94 415 450 70 206 
32 917 271 57 61 1333 345 79 120 1531 171 63 105 1345 427 71 203 1621 190 66 94 412 450 71 207 
33 917 271 57 61 1316 346 84 142 1532 170 63 105 1622 189 67 96 1343 428 73 201 410 450 74 211 
34 917 271 57 61 1315 348 83 140 1634 185 61 104 1533 170 63 105 1340 427 75 202 411 454 72 206 
35 917 271 56 61 1311 348 84 138 1533 169 64 106 1635 183 61 104 1341 426 70 203 403 457 70 207 
36 917 271 56 61 1533 169 65 106 1307 350 85 133 1639 183 60 102 1337 426 72 203 402 459 69 205 
37 917 271 56 61 1305 353 80 125 1534 169 64 106 1640 183 60 102 1335 424 72 205 401 459 69 205 
38 917 271 56 61 1298 355 80 118 1535 169 65 105 1642 183 60 102 1334 424 71 207 400 460 65 203 
39 917 271 55 61 1293 357 82 115 1535 167 66 107 1644 182 61 102 1334 424 70 208 399 459 65 206 
40 917 270 55 61 1293 360 81 108 1647 182 61 102 1534 167 66 107 1327 414 70 218 397 461 66 206 
41 918 271 55 61 1648 181 63 104 1533 166 66 109 1327 416 69 221 394 460 68 211 
42 1280 365 83 103 917 271 56 61 1651 179 64 105 1534 166 67 108 1323 417 72 225 390 461 68 215 
43 918 271 55 61 1277 372 76 152 1653 180 64 104 1534 166 67 109 1325 421 67 226 388 462 68 214 
44 918 271 55 61 1655 181 64 102 1273 372 76 153 1535 165 66 109 1320 420 71 228 386 464 68 215 
45 918 270 55 61 1657 183 63 99 1535 166 65 108 1270 375 76 151 1322 411 70 250 385 466 69 210 
46 1679 186 60 105 919 271 54 61 1658 182 63 100 1535 166 65 107 1269 375 73 152 382 467 72 208 1323 415 70 243 
47 1703 185 37 84 918 271 54 61 1659 182 63 99 1535 167 65 107 1263 376 78 150 377 469 77 204 1322 418 71 237 
48 919 270 54 62 1673 180 62 110 1535 166 65 107 1261 381 75 142 374 470 79 202 1321 415 71 242 
49 919 270 53 62 1674 179 61 115 1535 166 66 107 1243 378 87 154 375 468 76 206 1319 420 72 230 
50 918 270 56 61 1675 177 57 121 1536 166 67 106 375 466 74 212 1240 379 89 155 1319 420 72 227 
51 918 271 56 61 1677 177 53 121 1537 167 66 105 1238 382 91 150 373 465 75 216 1316 423 72 223 
52 918 270 55 62 1537 167 67 105 1677 177 53 124 1235 384 88 145 373 466 73 213 1315 414 69 242 
53 1884 156 33 70 918 270 55 62 1537 166 68 106 1676 176 54 124 1232 388 88 133 363 477 67 186 1313 418 68 233 
54 918 269 56 62 1882 157 34 71 1537 165 68 106 1675 174 56 133 1228 391 87 130 1312 427 68 212 362 475 67 193 
55 918 270 56 62 1880 158 34 71 1538 166 68 106 1673 173 57 134 1226 393 86 127 362 471 64 204 1310 429 70 208 
56 918 270 56 62 1879 158 34 72 1538 167 69 104 1658 173 70 133 1217 399 89 156 1309 427 71 214 363 471 64 214 
57 1877 157 34 73 918 270 56 62 1539 167 68 104 1658 172 71 135 1205 402 90 154 1309 427 71 217 362 469 65 221 
58 1876 156 33 75 919 269 55 62 1539 168 68 103 1657 173 72 132 1309 429 71 213 1203 396 92 164 357 471 69 220 
59 1874 156 33 74 919 269 56 62 1539 168 68 103 1657 173 71 129 1304 440 72 207 1202 396 90 167 355 475 70 213 
60 919 269 56 62 1539 168 67 102 1659 174 67 124 1302 444 72 201 353 477 70 209 1199 399 87 162 
61 918 270 55 62 1660 178 66 113 1540 168 67 102 1298 443 74 202 1196 404 87 157 352 470 69 219 
62 918 269 55 62 1658 180 68 110 1540 167 65 103 1298 442 71 205 1191 404 89 160 349 470 69 221 
63 918 270 55 62 1657 180 69 110 1541 166 64 105 1298 441 70 208 1188 411 89 152 346 470 70 223 
64 1683 164 50 62 1860 160 40 74 919 269 55 62 1541 167 66 102 1656 180 69 110 1188 417 85 144 1300 440 65 208 342 469 70 225 
65 918 269 55 62 1685 164 51 60 1858 162 41 72 1542 166 65 103 1654 180 68 109 1185 421 83 140 1295 436 60 215 342 469 68 225 
66 918 269 56 62 1857 164 40 69 1541 165 64 104 1165 420 94 150 1649 181 67 117 1294 434 62 218 340 468 69 227 
67 918 269 55 62 1855 164 41 70 1542 166 65 104 330 475 85 224 1166 423 92 139 1645 182 68 119 1292 434 63 219 
68 918 270 54 62 1852 165 41 67 1542 164 64 106 1163 425 92 130 314 475 100 231 1640 190 67 113 1291 435 62 218 
69 919 269 54 62 1851 165 41 68 1541 165 64 104 1160 426 89 129 1638 189 65 115 1290 434 62 220 311 477 102 233 
70 1849 166 38 65 918 269 55 62 1848 188 40 64 1540 165 64 104 1155 428 91 125 313 479 101 230 1636 190 63 115 1287 436 66 216 
71 918 269 55 62 1847 188 39 66 1540 166 64 103 1150 428 95 170 310 483 103 227 1635 191 62 114 1286 436 67 216 
72 918 269 55 62 1844 187 42 68 1541 166 64 102 1621 190 69 114 308 483 103 227 1146 430 97 169 1283 441 68 209 
73 919 269 55 63 1842 190 42 65 1540 167 66 101 1624 190 63 112 1146 434 93 163 1280 441 70 210 320 490 74 212 
74 1548 190 50 72 1839 190 42 67 1625 190 59 114 1148 436 89 160 1279 439 70 214 315 490 74 214 
75 919 268 54 63 1548 191 51 71 1835 190 42 70 1624 190 56 115 1145 441 87 157 314 494 71 210 1277 441 71 212 
76 919 268 54 63 1548 192 52 71 1833 186 42 77 1624 189 52 117 1125 445 97 167 312 496 71 211 1276 441 73 214 
77 919 269 55 63 1548 193 55 72 1830 182 44 83 1619 181 53 118 1124 449 96 163 313 500 70 208 1275 444 71 213 
78 919 269 55 63 1549 193 55 72 1829 185 41 80 1618 186 50 122 309 497 71 212 1122 453 97 156 1276 446 70 212 
79 919 268 55 63 1828 187 41 77 1616 186 50 123 1120 454 95 158 304 495 75 213 1275 445 72 213 
80 919 268 54 64 1822 195 39 69 1615 187 51 121 1114 458 95 182 300 496 77 208 1274 446 73 211 
81 1550 188 53 76 919 269 55 63 1820 191 40 75 1112 458 95 183 1610 188 55 119 277 487 98 230 1274 446 71 214 
82 919 269 54 63 1550 188 53 76 1819 188 41 78 1607 188 57 119 1110 459 96 181 275 487 98 235 1275 445 71 220 
83 919 269 55 63 1550 187 53 77 1817 188 41 80 1605 188 57 118 1106 462 96 183 273 488 99 235 1276 444 70 224 
84 919 268 55 63 1547 165 63 99 1815 186 39 83 1603 188 59 118 1105 466 96 177 271 489 102 231 1276 444 68 222 
85 919 268 54 64 1547 163 61 100 1813 187 39 81 1602 189 58 117 271 494 99 224 1106 467 95 177 1276 443 68 223 
86 919 269 55 63 1547 161 59 103 1811 188 38 81 1598 178 58 126 1105 471 97 174 270 497 98 221 1274 442 69 225 
87 919 269 55 63 1553 179 45 83 1809 186 38 83 1602 192 49 111 1107 478 93 169 285 503 70 209 1272 441 72 228 
88 918 269 55 63 1554 180 43 82 1807 185 38 84 1603 192 47 112 1106 479 94 170 284 504 68 211 1270 445 75 224 
89 1556 160 42 73 919 269 55 63 1553 182 43 80 1803 188 38 80 1585 182 59 109 1105 480 96 173 282 504 65 211 1270 446 74 222 
90 919 269 55 63 1555 175 39 87 1802 186 36 86 1591 190 50 116 1085 487 115 193 279 503 65 213 1271 444 74 229 
91 1554 177 39 84 1557 160 41 72 918 269 54 63 1801 182 32 90 1086 489 113 195 1590 188 49 119 274 504 67 211 1271 447 73 226 
92 918 269 55 63 1557 158 42 75 1801 184 30 89 1585 189 52 119 1101 495 96 184 265 505 78 208 1270 449 74 223 
93 918 269 55 63 1558 158 40 75 1799 185 29 86 1584 187 49 122 1101 494 96 186 253 504 94 210 1254 451 98 231 
94 919 268 55 63 1558 157 39 77 1798 185 29 88 1579 187 55 122 1101 496 100 186 249 504 98 211 1252 452 100 230 
95 919 268 54 63 1558 159 40 77 1575 189 58 119 241 501 98 218 1103 497 98 187 1251 453 99 234 
96 919 268 54 64 1555 156 49 120 241 507 95 223 1571 188 61 120 1103 502 99 187 1267 456 73 221 
97 919 268 54 64 1555 156 52 124 1564 166 66 143 1104 506 100 191 241 505 95 226 1265 457 73 221 
98 919 268 54 63 1107 511 98 188 1561 164 68 146 240 505 95 228 1264 455 74 223 
99 919 268 54 63 1108 511 99 188 239 508 95 222 1560 163 69 147 1262 454 74 224 
100 919 268 56 63 1108 518 102 177 248 511 75 220 1560 163 69 146 1261 454 75 225 
101 919 268 55 63 1111 519 95 208 1560 161 69 147 237 508 97 226 1260 455 76 223 
102 919 268 55 63 248 512 72 222 1112 519 99 211 1561 167 67 140 1259 456 76 225 
103 919 268 55 63 246 503 70 235 1115 526 101 204 1562 167 64 139 1259 453 77 231 
104 919 269 55 63 1562 167 64 133 244 509 70 220 1117 531 101 201 1259 455 75 229 
105 919 269 55 63 1562 163 66 119 4 716 120 209 1123 531 100 197 241 508 73 226 1258 455 76 229 
106 919 269 55 63 1561 160 67 116 46 717 118 222 1125 542 99 184 239 509 72 229 1258 456 78 229 
107 919 269 55 62 1563 146 65 109 106 714 125 226 1131 548 110 203 223 507 92 236 1257 456 78 232 
108 919 269 55 62 96 720 67 198 1564 145 63 110 137 733 142 233 1134 552 107 208 219 506 93 240 1256 456 79 232 
109 143 726 66 182 919 268 54 62 1566 146 61 109 191 731 150 237 1139 554 105 215 218 509 97 235 1256 457 79 233 
110 919 268 54 63 198 731 71 173 1541 193 59 113 1566 147 61 103 1141 559 107 211 252 740 135 236 224 521 79 208 1256 456 80 235 
111 919 268 54 63 309 736 95 231 1564 149 63 99 250 728 68 239 1539 194 60 112 1141 564 112 206 1254 458 93 244 208 516 99 233 
112 303 741 74 145 919 268 53 62 1563 149 65 99 1538 195 63 110 347 744 140 237 1148 568 114 199 1255 459 93 244 205 520 98 234 
113 920 268 53 62 1562 148 66 98 1539 196 61 108 358 744 70 213 1153 574 118 199 411 756 133 227 1261 459 76 228 203 518 96 239 
114 1539 196 59 110 920 268 53 62 1159 573 124 204 1562 147 65 101 469 749 134 242 1255 457 93 254 213 526 69 220 
115 920 268 52 62 1561 145 66 102 510 756 132 238 1251 459 95 251 211 530 68 212 
116 1541 221 40 78 920 269 52 62 1561 145 66 102 581 756 123 245 1260 462 79 210 197 515 92 244 
117 579 757 72 186 1539 217 39 84 920 269 52 61 1561 147 65 99 648 763 123 241 194 514 98 247 1261 463 77 197 
118 1537 217 40 85 920 269 52 61 635 761 74 186 1561 148 66 98 188 511 101 250 704 767 132 247 1267 464 72 190 
119 695 770 69 168 1533 197 52 106 920 269 53 61 1562 147 66 97 762 779 120 241 184 512 101 249 1268 463 72 184 
120 756 778 72 165 1531 196 53 107 920 269 54 62 1562 147 66 97 807 783 126 237 1268 462 72 177 181 515 101 240 
121 919 269 54 61 1566 162 60 60 1530 192 48 116 862 790 144 262 176 515 105 233 1268 463 73 176 
122 1691 227 37 68 920 269 54 62 1567 163 60 60 873 796 67 182 930 795 139 263 1529 190 48 117 1267 463 75 188 175 515 106 241 
123 919 269 54 62 1689 227 40 65 1567 150 65 94 932 804 71 173 1528 191 49 116 992 803 137 258 174 516 105 236 1269 468 74 186 
124 919 269 55 61 1007 809 133 254 1687 230 41 64 1568 148 63 96 1058 809 129 260 176 516 102 238 1519 187 56 123 1272 466 72 195 
